# src/jamBashbulk.cpp (unix) 
# commit 85670c21403a4f54092b9da783e3a906d5e2f869 (2016-08-01 17:09:16 +0200)
# RAND_MAX = 2147483647
# srand(0); rand() = 1804289383
step#	N	P0	P	alpha	delta	L	phi	Z	#rattler	s_xx	s_yy	s_xy	U	dU	H	dH	t_run	#FIRE	#CG	gg creation-date ccnum
0	16	1.0000000000000010545e-03	1.0000000000000014425e-03	6.5998892443800934884e-03	1.5699367882486530212e-03	9.5543369225244307906e+00	8.1494906634508249319e-01	4.1250000000000000000e+00	0	-1.0000000000000015026e-03	-1.0000000000000013824e-03	-2.7855431297844749841e-20	1.0928358570711184924e-04	2.8395456067720334023e-19	9.1394637614820819127e-02	0.0000000000000000000e+00	1.2900000000000000000e+02	0	0	2.3873623618362455057e-18	2016-08-01_17-16-08 0
1	16	1.0000000000000010545e-03	9.9999981988840948451e-04	6.5998992443800934883e-03	1.5699367882486530212e-03	9.5543369225244307906e+00	8.1494906634508249319e-01	4.1250000000000000000e+00	0	-1.0000002127863815080e-03	-9.9999942699043746106e-04	1.0863056335892816024e-09	1.0928358570760688816e-04	4.9503891660678862483e-16	9.1394637614821314167e-02	4.9503993569330329017e-16	1.0000000000000000000e+00	1000	0	6.3929811694018318091e-19	2016-08-01_17-16-09 0
2	16	1.0000000000000010545e-03	9.9999819888031571713e-04	6.5999892443800934883e-03	1.5699367882486530212e-03	9.5543369225244307906e+00	8.1494906634508249319e-01	4.1250000000000000000e+00	0	-1.0000021278593933939e-03	-9.9999426990123804044e-04	1.0863057899302177361e-08	1.0928358575661603133e-04	5.7571770633690726171e-22	9.1394637614870323310e-02	0.0000000000000000000e+00	0.0000000000000000000e+00	2000	0	7.4496547711015714821e-19	2016-08-01_17-16-09 0
3	16	1.0000000000000010545e-03	9.9998198842642588312e-04	6.6008892443800934886e-03	1.5699367882486530212e-03	9.5543369225244307906e+00	8.1494906634508249319e-01	4.1250000000000000000e+00	0	-1.0000212781529571114e-03	-9.9994269869989465530e-04	1.0863073530060444761e-07	1.0928359065753492096e-04	3.2888701155108380353e-21	9.1394637619771242194e-02	0.0000000000000000000e+00	0.0000000000000000000e+00	2000	0	1.0564618434629260979e-18	2016-08-01_17-16-09 0
4	16	1.0000000000000010545e-03	9.9981984659246119472e-04	6.6098892443800934892e-03	1.5699367882486530212e-03	9.5543369225244307906e+00	8.1494906634508249319e-01	4.1250000000000000000e+00	0	-1.0002127374330703037e-03	-9.9942695575185208592e-04	1.0863229841719111297e-06	1.0928408075416782932e-04	-2.5675686213645979028e-21	9.1394638109867875108e-02	0.0000000000000000000e+00	0.0000000000000000000e+00	2000	0	5.1944295490369968293e-19	2016-08-01_17-16-09 0
5	16	1.0000000000000010545e-03	9.9819469888539105610e-04	6.6998892443800934945e-03	1.5699367882486530212e-03	9.5543369225244307906e+00	8.1494906634508249319e-01	4.1250000000000000000e+00	0	-1.0021229646603922281e-03	-9.9426643311038988435e-04	1.0864793396591797595e-05	1.0933309516253827038e-04	6.8821426964411902549e-22	9.1394687124276245546e-02	0.0000000000000000000e+00	0.0000000000000000000e+00	2000	0	5.3079849035282764685e-19	2016-08-01_17-16-09 0
6	16	1.0000000000000010545e-03	1.0000282262632700968e-03	7.5998892443800935507e-03	1.5699367882486530212e-03	9.5543369225244307906e+00	8.1494906634508249319e-01	4.0000000000000000000e+00	0	-1.0230511582371730447e-03	-9.7700529428936714892e-04	6.3126303908162433016e-05	1.1339792961869853317e-04	-1.1977575269767840732e-21	9.1398751958732405810e-02	0.0000000000000000000e+00	0.0000000000000000000e+00	2000	0	1.3818019045473825188e-18	2016-08-01_17-16-09 0
7	16	1.0000000000000010545e-03	9.9426251992356687500e-04	6.9161170103969314414e-03	1.5699367882486530212e-03	9.5543369225244307906e+00	8.1494906634508249319e-01	4.1250000000000000000e+00	0	-1.0066799008730391092e-03	-9.8184513897409464076e-04	3.4369382794576195635e-05	1.0977879445163868902e-04	-1.7271531190107217851e-21	9.1395132823565345966e-02	0.0000000000000000000e+00	0.0000000000000000000e+00	2000	0	7.3617751028239378219e-19	2016-08-01_17-16-09 0
8	16	1.0000000000000010545e-03	9.8973924531033854236e-04	7.1622305695704426037e-03	1.5699367882486530212e-03	9.5543369225244307906e+00	8.1494906634508249319e-01	4.1250000000000000000e+00	0	-1.0118109167031521705e-03	-9.6766757391752491408e-04	6.1142461987989828316e-05	1.1084998467056736854e-04	-2.9778502051908996295e-22	9.1396204013784274646e-02	0.0000000000000000000e+00	0.0000000000000000000e+00	2000	0	6.0684616714850279917e-19	2016-08-01_17-16-09 0
9	16	1.0000000000000010545e-03	9.9333243914320413002e-04	7.3497834537125493624e-03	1.5699367882486530212e-03	9.5543369225244307906e+00	8.1494906634508249319e-01	4.0000000000000000000e+00	0	-1.0165866110452417353e-03	-9.7007826724116652510e-04	6.4148065169696617005e-05	1.1194725580142586596e-04	8.2056316765260345347e-22	9.1397301284915133146e-02	6.7762635780344027125e-21	0.0000000000000000000e+00	2000	0	6.1198130439123199498e-19	2016-08-01_17-16-09 0
10	16	1.0000000000000010545e-03	9.9059705310963754910e-04	7.2492708759563048440e-03	1.5699367882486530212e-03	9.5543369225244307906e+00	8.1494906634508249319e-01	4.0000000000000000000e+00	0	-1.0139327528480008950e-03	-9.6726135337127420306e-04	6.4551069002934083952e-05	1.1135774963450637163e-04	-3.3219573400129591423e-21	9.1396711778748213647e-02	-6.7762635780344027125e-21	0.0000000000000000000e+00	2000	0	7.7990558618439703720e-19	2016-08-01_17-16-09 0
11	16	1.0000000000000010545e-03	9.8936181171351510671e-04	7.2041856346182263451e-03	1.5699367882486530212e-03	9.5543369225244307906e+00	8.1494906634508249319e-01	4.0000000000000000000e+00	0	-1.0127319557880531271e-03	-9.6599166763897708665e-04	6.4730394868464314639e-05	1.1109212950086242549e-04	4.9630836753181660492e-22	9.1396446158614569703e-02	0.0000000000000000000e+00	0.0000000000000000000e+00	2000	0	7.0489023079318806342e-19	2016-08-01_17-16-09 0
12	16	1.0000000000000010545e-03	9.8935833939137350639e-04	7.1828307790937009213e-03	1.5699367882486530212e-03	9.5543369225244307906e+00	8.1494906634508249319e-01	4.1250000000000000000e+00	0	-1.0122377010271299261e-03	-9.6647897775561708657e-04	6.3384381782743324925e-05	1.1096688732176180409e-04	2.9910850949917480723e-21	9.1396320916435469080e-02	0.0000000000000000000e+00	0.0000000000000000000e+00	2000	0	6.9626108264303487871e-19	2016-08-01_17-16-09 0
13	16	1.0000000000000010545e-03	9.8916254729366640697e-04	7.1934121716097921628e-03	1.5699367882486530212e-03	9.5543369225244307906e+00	8.1494906634508249319e-01	4.1250000000000000000e+00	0	-1.0124567590866646412e-03	-9.6586833550066817293e-04	6.4536011797217354957e-05	1.1102857130606255765e-04	3.6263598054324733266e-21	9.1396382600419769836e-02	6.7762635780344027125e-21	0.0000000000000000000e+00	2000	0	9.2511879707930615158e-19	2016-08-01_17-16-09 0
14	16	1.0000000000000010545e-03	9.8921321852619095080e-04	7.1987746778717396349e-03	1.5699367882486530212e-03	9.5543369225244307906e+00	8.1494906634508249319e-01	4.0000000000000000000e+00	0	-1.0125874079968777723e-03	-9.6583902905550412943e-04	6.4751856445066963898e-05	1.1106020132258294431e-04	-7.2791893904666435389e-23	9.1396414230436290221e-02	0.0000000000000000000e+00	0.0000000000000000000e+00	2000	0	7.8429956959827872021e-19	2016-08-01_17-16-09 0
15	16	1.0000000000000010545e-03	9.8913939421010846192e-04	7.1960873956361912635e-03	1.5699367882486530212e-03	9.5543369225244307906e+00	8.1494906634508249319e-01	4.0000000000000000000e+00	0	-1.0125155857271352903e-03	-9.6576320269308163326e-04	6.4762510238960792148e-05	1.1104434066980908492e-04	-6.8225856923373722623e-21	9.1396398369783516367e-02	0.0000000000000000000e+00	0.0000000000000000000e+00	2000	0	7.7778800381626128635e-19	2016-08-01_17-16-09 0
16	16	1.0000000000000010545e-03	9.8913781804458133325e-04	7.1947482797342299756e-03	1.5699367882486530212e-03	9.5543369225244307906e+00	8.1494906634508249319e-01	4.1250000000000000000e+00	0	-1.0124844116562544663e-03	-9.6579122443290820038e-04	6.4681430429492218930e-05	1.1103643909268166399e-04	3.9704669402545328394e-22	9.1396390468206388944e-02	6.7762635780344027125e-21	0.0000000000000000000e+00	2000	0	1.2169745869676160122e-18	2016-08-01_17-16-09 0
17	16	1.0000000000000010545e-03	9.8912543199059585129e-04	7.1954174612901924506e-03	1.5699367882486530212e-03	9.5543369225244307906e+00	8.1494906634508249319e-01	4.1250000000000000000e+00	0	-1.0124982606185212884e-03	-9.6575260336267041395e-04	6.4754262693428851249e-05	1.1104038628097669055e-04	2.0050858048285390839e-21	9.1396394415394683965e-02	0.0000000000000000000e+00	0.0000000000000000000e+00	2000	0	7.6465899313381963109e-19	2016-08-01_17-16-09 0
18	16	1.0000000000000010545e-03	9.8913018821712358899e-04	7.1957523343115318379e-03	1.5699367882486530212e-03	9.5543369225244307906e+00	8.1494906634508249319e-01	4.0000000000000000000e+00	0	-1.0125066290295057333e-03	-9.6575374740474144489e-04	6.4763838373002410794e-05	1.1104236291589685829e-04	1.3830459841886622724e-21	9.1396396392029604134e-02	0.0000000000000000000e+00	0.0000000000000000000e+00	2000	0	7.8149377296049885033e-19	2016-08-01_17-16-09 0
19	16	1.0000000000000010545e-03	9.8912558705495213585e-04	7.1955848742695626477e-03	1.5699367882486530212e-03	9.5543369225244307906e+00	8.1494906634508249319e-01	4.0000000000000000000e+00	0	-1.0125021524352150515e-03	-9.6574902167468922019e-04	6.4764502141436767692e-05	1.1104137444058804805e-04	2.4616895029578103604e-21	9.1396395403554295326e-02	6.7762635780344027125e-21	0.0000000000000000000e+00	2000	0	8.6905580388291214788e-19	2016-08-01_17-16-09 0
20	16	1.0000000000000010545e-03	9.8912388272810395450e-04	7.1955011618978794104e-03	1.5699367882486530212e-03	9.5543369225244307906e+00	8.1494906634508249319e-01	4.1250000000000000000e+00	0	-1.0124999928029843444e-03	-9.6574777265322356490e-04	6.4763372496377163690e-05	1.1104088030417798876e-04	1.8396496823179335489e-21	9.1396394909417885267e-02	0.0000000000000000000e+00	0.0000000000000000000e+00	2000	0	7.1972654225993916779e-19	2016-08-01_17-16-09 0
21	16	1.0000000000000010545e-03	9.8912443695543292475e-04	7.1955430166131181611e-03	1.5699367882486530212e-03	9.5543369225244307906e+00	8.1494906634508249319e-01	4.0000000000000000000e+00	0	-1.0125010334693580994e-03	-9.6574784044150774974e-04	6.4764668052453228173e-05	1.1104112736358736077e-04	-3.4212190135193224633e-21	9.1396395156477294642e-02	0.0000000000000000000e+00	0.0000000000000000000e+00	2000	0	5.5290075632024454633e-19	2016-08-01_17-16-09 0
22	16	1.0000000000000010545e-03	9.8912386193432364060e-04	7.1955220888878609861e-03	1.5699367882486530212e-03	9.5543369225244307906e+00	8.1494906634508249319e-01	4.0000000000000000000e+00	0	-1.0125004740138340238e-03	-9.6574724985481325759e-04	6.4764751003298315677e-05	1.1104100383136025613e-04	7.6100616354878546088e-22	9.1396395032945067531e-02	0.0000000000000000000e+00	0.0000000000000000000e+00	2000	0	5.7540006898168689908e-19	2016-08-01_17-16-09 0
23	16	1.0000000000000010545e-03	9.8912368905457065934e-04	7.1955116253009623629e-03	1.5699367882486530212e-03	9.5543369225244307906e+00	8.1494906634508249319e-01	4.1250000000000000000e+00	0	-1.0125002093426767259e-03	-9.6574716876646459272e-04	6.4764511311939966849e-05	1.1104094206684688563e-04	-1.8197973476166608847e-21	9.1396394971180554159e-02	-6.7762635780344027125e-21	0.0000000000000000000e+00	2000	0	4.7529136252806927776e-19	2016-08-01_17-16-09 0
24	16	1.0000000000000010545e-03	9.8912371818203062120e-04	7.1955168570714345137e-03	1.5699367882486530212e-03	9.5543369225244307906e+00	8.1494906634508249319e-01	4.0000000000000000000e+00	0	-1.0125003341528075359e-03	-9.6574710221125370632e-04	6.4764771740523816430e-05	1.1104097294895691482e-04	-4.1226681729642899316e-21	9.1396395002062664193e-02	0.0000000000000000000e+00	0.0000000000000000000e+00	2000	0	8.4539182091899513216e-19	2016-08-01_17-16-09 0
25	16	1.0000000000000010545e-03	9.8912364630633175554e-04	7.1955142411804541734e-03	1.5699367882486530212e-03	9.5543369225244307906e+00	8.1494906634508249319e-01	4.0000000000000000000e+00	0	-1.0125002642227224660e-03	-9.6574702838994104490e-04	6.4764782109063731513e-05	1.1104095750785326153e-04	-1.4823076576950255934e-21	9.1396394986621560536e-02	-6.7762635780344027125e-21	0.0000000000000000000e+00	2000	0	8.3305690362460438347e-19	2016-08-01_17-16-09 0
26	16	1.0000000000000010545e-03	9.8912366484513336477e-04	7.1955129332392722051e-03	1.5699367882486530212e-03	9.5543369225244307906e+00	8.1494906634508249319e-01	4.1250000000000000000e+00	0	-1.0125002364103982542e-03	-9.6574709327986847537e-04	6.4764653665294670835e-05	1.1104094978733315366e-04	2.3822801641527197036e-22	9.1396394978901040431e-02	0.0000000000000000000e+00	0.0000000000000000000e+00	2000	0	9.7032918063900443217e-19	2016-08-01_17-16-09 0
27	16	1.0000000000000010545e-03	9.8912365274039420785e-04	7.1955135872095041731e-03	1.5699367882486530212e-03	9.5543369225244307906e+00	8.1494906634508249319e-01	4.1250000000000000000e+00	0	-1.0125002499442806213e-03	-9.6574705553650779422e-04	6.4764724842089463288e-05	1.1104095364758900654e-04	-1.4823076576950255934e-21	9.1396394982761296282e-02	0.0000000000000000000e+00	0.0000000000000000000e+00	2000	0	5.7725295355380568108e-19	2016-08-01_17-16-09 0
28	16	1.0000000000000010545e-03	9.8912364668801952883e-04	7.1955139141948894191e-03	1.5699367882486530212e-03	9.5543369225244307906e+00	8.1494906634508249319e-01	4.1250000000000000000e+00	0	-1.0125002567112272514e-03	-9.6574703666481180641e-04	6.4764760430516241800e-05	1.1104095557772011511e-04	2.0117032497289633053e-21	9.1396394984691427393e-02	0.0000000000000000000e+00	0.0000000000000000000e+00	2000	0	3.9725845226226685902e-19	2016-08-01_17-16-09 0
29	16	1.0000000000000010545e-03	9.9164605631290203176e-04	7.2877062603158662212e-03	1.5699367882486530212e-03	9.5543369225244307906e+00	8.1494906634508249319e-01	4.0000000000000000000e+00	0	-1.0149513526897145000e-03	-9.6834075993608956346e-04	6.4397485495871761776e-05	1.1158360889369509237e-04	-5.2939559203393771192e-23	9.1396937638007402370e-02	0.0000000000000000000e+00	0.0000000000000000000e+00	2000	0	1.0143219543370246560e-18	2016-08-01_17-16-09 1
30	16	1.0000000000000010545e-03	9.9453222268506198788e-04	7.3941679431455858586e-03	1.5699367882486530212e-03	9.5543369225244307906e+00	8.1494906634508249319e-01	4.0000000000000000000e+00	0	-1.0177483118533942972e-03	-9.7131613351672967866e-04	6.3968703476385904938e-05	1.1220639166146479796e-04	2.0381730293306601909e-21	9.1397560420775172076e-02	0.0000000000000000000e+00	0.0000000000000000000e+00	2000	0	7.0467847255637448833e-19	2016-08-01_17-16-09 1
31	16	1.0000000000000010545e-03	9.9782951851276770807e-04	7.5171079765370691218e-03	1.5699367882486530212e-03	9.5543369225244307906e+00	8.1494906634508249319e-01	4.0000000000000000000e+00	0	-1.0209334674001646796e-03	-9.7472556962537073678e-04	6.3467454215416748315e-05	1.1292036091771558727e-04	2.4352197233561134748e-21	9.1398274390031422862e-02	0.0000000000000000000e+00	0.0000000000000000000e+00	2000	0	5.8529976655272153430e-19	2016-08-01_17-16-09 1
32	16	1.0000000000000010545e-03	1.0015896527262194294e-03	7.6590769122946744331e-03	1.5699367882486530212e-03	9.5543369225244307906e+00	8.1494906634508249319e-01	4.0000000000000000000e+00	0	-1.0245519421178690901e-03	-9.7862736333456976846e-04	6.2880611212336382934e-05	1.1373780231884133498e-04	-9.3305973095981521725e-22	9.1399091831432548611e-02	0.0000000000000000000e+00	0.0000000000000000000e+00	2000	0	1.3514410673442361910e-18	2016-08-01_17-16-09 1
33	16	1.0000000000000010545e-03	1.0058683325651598313e-03	7.8230200816930920927e-03	1.5699367882486530212e-03	9.5543369225244307906e+00	8.1494906634508249319e-01	4.0000000000000000000e+00	0	-1.0286508291536561974e-03	-9.8308583597666346506e-04	6.2192446696942416903e-05	1.1467224650631331944e-04	1.0654086289682996452e-21	9.1400026275620020593e-02	0.0000000000000000000e+00	0.0000000000000000000e+00	2000	0	7.9155228920914366686e-19	2016-08-01_17-16-09 1
34	16	1.0000000000000010545e-03	1.0107245330077485840e-03	8.0123387002272768941e-03	1.5699367882486530212e-03	9.5543369225244307906e+00	8.1494906634508249319e-01	4.0000000000000000000e+00	0	-1.0332778137894924001e-03	-9.8817125222600476811e-04	6.1384075666335358458e-05	1.1573841936463631599e-04	1.1249656330721176378e-21	9.1401092448478343592e-02	0.0000000000000000000e+00	0.0000000000000000000e+00	2000	0	7.9430514628772014296e-19	2016-08-01_17-16-09 1
35	16	1.0000000000000010545e-03	1.0162191967333590758e-03	8.2309604302768492752e-03	1.5699367882486530212e-03	9.5543369225244307906e+00	8.1494906634508249319e-01	4.0000000000000000000e+00	0	-1.0384790158519737634e-03	-9.9395937761474438827e-04	6.0432782623986272066e-05	1.1695209248720160410e-04	-3.0771118786972629505e-21	9.1402306121600908884e-02	0.0000000000000000000e+00	0.0000000000000000000e+00	2000	0	6.6095039665437123333e-19	2016-08-01_17-16-09 1
36	16	1.0000000000000010545e-03	1.0224131216424179313e-03	8.4834208655997374429e-03	1.5699367882486530212e-03	9.5543369225244307906e+00	8.1494906634508249319e-01	4.0000000000000000000e+00	0	-1.0442957418136105688e-03	-1.0005305014712252944e-03	5.9311213260735346772e-05	1.1832978274066985250e-04	-1.3301064249852685012e-21	9.1403683811854377129e-02	0.0000000000000000000e+00	0.0000000000000000000e+00	2000	0	1.0782729418547243316e-18	2016-08-01_17-16-09 1
37	16	1.0000000000000010545e-03	1.0293718074552987156e-03	8.7749576281574668534e-03	1.5699367882486530212e-03	9.5543369225244307906e+00	8.1494906634508249319e-01	4.1250000000000000000e+00	0	-1.0503457263603505238e-03	-1.0083978885502469074e-03	5.8377854886415511622e-05	1.1988904919880852268e-04	1.7536228986124186707e-21	9.1405243078312515801e-02	0.0000000000000000000e+00	0.0000000000000000000e+00	2000	0	6.3244244402334368754e-19	2016-08-01_17-16-09 1
38	16	1.0000000000000010545e-03	1.0257904953997277967e-03	8.6239470694334655198e-03	1.5699367882486530212e-03	9.5543369225244307906e+00	8.1494906634508249319e-01	4.0000000000000000000e+00	0	-1.0474453864665153473e-03	-1.0041356043329402462e-03	5.8676525785623914175e-05	1.1908537675832759121e-04	2.7263872989747792164e-21	9.1404439405872034866e-02	0.0000000000000000000e+00	0.0000000000000000000e+00	2000	0	7.5422989997075105817e-19	2016-08-01_17-16-09 1
39	16	1.0000000000000010545e-03	1.0275522355385480478e-03	8.6980942348924083822e-03	1.5699367882486530212e-03	9.5543369225244307906e+00	8.1494906634508249319e-01	4.0000000000000000000e+00	0	-1.0490818507632663301e-03	-1.0060226203138297653e-03	5.8338711232848422325e-05	1.1948076890459665326e-04	-1.1315830779725418592e-21	9.1404834798018303928e-02	0.0000000000000000000e+00	0.0000000000000000000e+00	2000	0	9.5296500522029127522e-19	2016-08-01_17-16-09 1
40	16	1.0000000000000010545e-03	1.0284528787811337369e-03	8.7361802679878883098e-03	1.5699367882486530212e-03	9.5543369225244307906e+00	8.1494906634508249319e-01	4.1250000000000000000e+00	0	-1.0498502685027426521e-03	-1.0070554890595248217e-03	5.8226055087873290316e-05	1.1968299500318615897e-04	-2.1175823681357508477e-22	9.1405037024116893434e-02	0.0000000000000000000e+00	0.0000000000000000000e+00	2000	0	1.1662055496915613856e-18	2016-08-01_17-16-09 1
41	16	1.0000000000000010545e-03	1.0280004118941296361e-03	8.7170516110682359516e-03	1.5699367882486530212e-03	9.5543369225244307906e+00	8.1494906634508249319e-01	4.0000000000000000000e+00	0	-1.0494974304322509780e-03	-1.0065033933560082944e-03	5.8252020402059095769e-05	1.1958149271914055851e-04	-5.2277814713351349052e-22	9.1404935521832847836e-02	0.0000000000000000000e+00	1.0000000000000000000e+00	2000	0	8.8705525401206603009e-19	2016-08-01_17-16-10 1
42	16	1.0000000000000010545e-03	1.0282256692099206272e-03	8.7265944330407393501e-03	1.5699367882486530212e-03	9.5543369225244307906e+00	8.1494906634508249319e-01	4.0000000000000000000e+00	0	-1.0497061917589463429e-03	-1.0067451466608949115e-03	5.8208332493859109559e-05	1.1963213867502845077e-04	1.6543612251060553497e-22	9.1404986167788735731e-02	0.0000000000000000000e+00	0.0000000000000000000e+00	2000	0	9.2136008837586519382e-19	2016-08-01_17-16-10 1
43	16	1.0000000000000010545e-03	1.0283389822074854165e-03	8.7313819617957218044e-03	1.5699367882486530212e-03	9.5543369225244307906e+00	8.1494906634508249319e-01	4.1250000000000000000e+00	0	-1.0497887237710019300e-03	-1.0068892406439689032e-03	5.8207240047296076756e-05	1.1965753520369759091e-04	2.1506695926378719547e-21	9.1405011564317404870e-02	6.7762635780344027125e-21	0.0000000000000000000e+00	2000	0	6.7656756661937239583e-19	2016-08-01_17-16-10 1
44	16	1.0000000000000010545e-03	1.0282821143638714335e-03	8.7289868517528030532e-03	1.5699367882486530212e-03	9.5543369225244307906e+00	8.1494906634508249319e-01	4.1250000000000000000e+00	0	-1.0497579837482976648e-03	-1.0068062449794452019e-03	5.8197845793600209882e-05	1.1964482983546134772e-04	1.4823076576950255934e-21	9.1404998858949168625e-02	0.0000000000000000000e+00	0.0000000000000000000e+00	2000	0	8.9859607791840587221e-19	2016-08-01_17-16-10 1
45	16	1.0000000000000010545e-03	1.0282538812809722947e-03	8.7277903061695057275e-03	1.5699367882486530212e-03	9.5543369225244307906e+00	8.1494906634508249319e-01	4.0000000000000000000e+00	0	-1.0497323324850585425e-03	-1.0067754300768860470e-03	5.8202855357432396356e-05	1.1963848276972284108e-04	1.2837843106822989514e-21	9.1404992511883430118e-02	0.0000000000000000000e+00	0.0000000000000000000e+00	2000	0	7.1913097221890098787e-19	2016-08-01_17-16-10 1
46	16	1.0000000000000010545e-03	1.0282679918952917585e-03	8.7283884948807099004e-03	1.5699367882486530212e-03	9.5543369225244307906e+00	8.1494906634508249319e-01	4.0000000000000000000e+00	0	-1.0497454066454461086e-03	-1.0067905771451374085e-03	5.8200115440584507873e-05	1.1964165593070657899e-04	1.0323214044661785382e-21	9.1404995685044413853e-02	0.0000000000000000000e+00	0.0000000000000000000e+00	2000	0	4.8098236514243410816e-19	2016-08-01_17-16-10 1
47	16	1.0000000000000010545e-03	1.0282750483472988798e-03	8.7286876522936911124e-03	1.5699367882486530212e-03	9.5543369225244307906e+00	8.1494906634508249319e-01	4.0000000000000000000e+00	0	-1.0497519446750015290e-03	-1.0067981520195962306e-03	5.8198745144864665476e-05	1.1964324278965906907e-04	-1.7470054537119944493e-21	9.1404997271903366348e-02	0.0000000000000000000e+00	0.0000000000000000000e+00	2000	0	9.8827569120895492061e-19	2016-08-01_17-16-10 1
48	16	1.0000000000000010545e-03	1.0282785768595329485e-03	8.7288372467671114161e-03	1.5699367882486530212e-03	9.5543369225244307906e+00	8.1494906634508249319e-01	4.0000000000000000000e+00	0	-1.0497552139271232559e-03	-1.0068019397919426414e-03	5.8198059912663585174e-05	1.1964403628875690906e-04	3.1101991031993840575e-22	9.1404998065402464190e-02	6.7762635780344027125e-21	0.0000000000000000000e+00	2000	0	4.9588485105818945475e-19	2016-08-01_17-16-10 1
49	16	1.0000000000000010545e-03	1.0282803411872099415e-03	8.7289120479458771495e-03	1.5699367882486530212e-03	9.5543369225244307906e+00	8.1494906634508249319e-01	4.0000000000000000000e+00	0	-1.0497568486125205987e-03	-1.0068038337618992844e-03	5.8197717275475630514e-05	1.1964443305571203284e-04	-9.9261673506363320985e-23	9.1404998462169419310e-02	0.0000000000000000000e+00	0.0000000000000000000e+00	2000	0	9.2091010212263634677e-19	2016-08-01_17-16-10 1
50	16	1.0000000000000010545e-03	1.0282812262290427274e-03	8.7289494495208143083e-03	1.5699367882486530212e-03	9.5543369225244307906e+00	8.1494906634508249319e-01	4.1250000000000000000e+00	0	-1.0497575036065694480e-03	-1.0068049488515160067e-03	5.8197699078511274457e-05	1.1964463144366690746e-04	2.5013941723603556888e-21	9.1404998660557374185e-02	0.0000000000000000000e+00	0.0000000000000000000e+00	2000	0	7.5258877363544585126e-19	2016-08-01_17-16-10 1
51	16	1.0000000000000010545e-03	1.0282807822765834676e-03	8.7289307486512150019e-03	1.5699367882486530212e-03	9.5543369225244307906e+00	8.1494906634508249319e-01	4.0000000000000000000e+00	0	-1.0497572572900508407e-03	-1.0068043072631160943e-03	5.8197631613981896627e-05	1.1964453224926399616e-04	-2.6866826295722338880e-21	9.1404998561362971276e-02	0.0000000000000000000e+00	0.0000000000000000000e+00	2000	0	8.6695145640457724548e-19	2016-08-01_17-16-10 1
52	16	1.0000000000000010545e-03	1.0282810041973794348e-03	8.7289400990654818836e-03	1.5699367882486530212e-03	9.5543369225244307906e+00	8.1494906634508249319e-01	4.1250000000000000000e+00	0	-1.0497573835719601769e-03	-1.0068046248227986927e-03	5.8197662400076100942e-05	1.1964458184634100295e-04	-1.3962808739895107152e-21	9.1404998610960048284e-02	0.0000000000000000000e+00	0.0000000000000000000e+00	2000	0	5.0080823006410507547e-19	2016-08-01_17-16-10 1
53	16	1.0000000000000010545e-03	1.0282808931818543943e-03	8.7289354238532152609e-03	1.5699367882486530212e-03	9.5543369225244307906e+00	8.1494906634508249319e-01	4.1250000000000000000e+00	0	-1.0497573235547789916e-03	-1.0068044628089297969e-03	5.8197644060909081129e-05	1.1964455704777146013e-04	5.3601303693436193332e-22	9.1404998586161478735e-02	0.0000000000000000000e+00	0.0000000000000000000e+00	2000	0	8.3475096951911298415e-19	2016-08-01_17-16-10 1
54	16	1.0000000000000010545e-03	1.0282808376741685083e-03	8.7289330862509318380e-03	1.5699367882486530212e-03	9.5543369225244307906e+00	8.1494906634508249319e-01	4.1250000000000000000e+00	0	-1.0497572935462192248e-03	-1.0068043818021177917e-03	5.8197634891338189468e-05	1.1964454464851004042e-04	4.2748694056740470237e-21	9.1404998573762217314e-02	0.0000000000000000000e+00	0.0000000000000000000e+00	2000	0	9.3480673641352721170e-19	2016-08-01_17-16-10 1
55	16	1.0000000000000010545e-03	1.0282808099203446917e-03	8.7289319174507525961e-03	1.5699367882486530212e-03	9.5543369225244307906e+00	8.1494906634508249319e-01	4.1250000000000000000e+00	0	-1.0497572785419470324e-03	-1.0068043412987423510e-03	5.8197630306555931603e-05	1.1964453844888516231e-04	-2.7065349642735065522e-21	9.1404998567562592442e-02	0.0000000000000000000e+00	0.0000000000000000000e+00	2000	0	8.5402096906914831687e-19	2016-08-01_17-16-10 1
56	16	1.0000000000000010545e-03	1.0360079296651790614e-03	9.0584693678771786249e-03	1.5699367882486530212e-03	9.5543369225244307906e+00	8.1494906634508249319e-01	4.1250000000000000000e+00	0	-1.0538646337390232029e-03	-1.0181512255913349201e-03	5.9474142377096410994e-05	1.2141174234799089100e-04	-4.3344264097778650163e-21	9.1406765771461698170e-02	0.0000000000000000000e+00	0.0000000000000000000e+00	2000	0	8.2962906716618463679e-19	2016-08-01_17-16-10 2
57	16	1.0000000000000010545e-03	1.0446869762912758238e-03	9.4390132789101108345e-03	1.5699367882486530212e-03	9.5543369225244307906e+00	8.1494906634508249319e-01	4.1250000000000000000e+00	0	-1.0583014696545625143e-03	-1.0310724829279891329e-03	6.0908953261909335772e-05	1.2349952366455256600e-04	4.8836743365130753924e-21	9.1408853552778259846e-02	6.7762635780344027125e-21	0.0000000000000000000e+00	2000	0	9.8467580118312414417e-19	2016-08-01_17-16-10 2
58	16	1.0000000000000010545e-03	1.0543830286493812941e-03	9.8784585317542089202e-03	1.5699367882486530212e-03	9.5543369225244307906e+00	8.1494906634508249319e-01	4.1250000000000000000e+00	0	-1.0630163577109665630e-03	-1.0457496995877960252e-03	6.2515392011835533761e-05	1.2597139873143908849e-04	-1.5484821066992678074e-21	9.1411325427845146369e-02	0.0000000000000000000e+00	0.0000000000000000000e+00	2000	0	1.0200394267309911833e-18	2016-08-01_17-16-10 2
59	16	1.0000000000000010545e-03	1.0651433742226884507e-03	1.0385921992995877307e-02	1.5699367882486530212e-03	9.5543369225244307906e+00	8.1494906634508249319e-01	4.1250000000000000000e+00	0	-1.0679156359466058943e-03	-1.0623711124987710071e-03	6.4306177982247406479e-05	1.2890449359403626226e-04	1.3234889800848442798e-21	9.1414258522707743538e-02	0.0000000000000000000e+00	0.0000000000000000000e+00	2000	0	9.9907536128644724993e-19	2016-08-01_17-16-10 2
60	16	1.0000000000000010545e-03	1.0769852564942868404e-03	1.0971931655925913101e-02	1.5699367882486530212e-03	9.5543369225244307906e+00	8.1494906634508249319e-01	4.1250000000000000000e+00	0	-1.0728454122155052228e-03	-1.0811251007730684579e-03	6.6293012337937653567e-05	1.3239253674601023442e-04	3.3616620094155044707e-21	9.1417746565859717514e-02	6.7762635780344027125e-21	0.0000000000000000000e+00	2000	0	7.4327141121564854753e-19	2016-08-01_17-16-10 2
61	16	1.0000000000000010545e-03	1.0898784675910089207e-03	1.1648645057531460284e-02	1.5699367882486530212e-03	9.5543369225244307906e+00	8.1494906634508249319e-01	4.1250000000000000000e+00	0	-1.0775669688825534500e-03	-1.1021899662994643917e-03	6.8486318744153717322e-05	1.3654947826933676721e-04	-8.9997250645769411026e-22	9.1421903507383044046e-02	0.0000000000000000000e+00	0.0000000000000000000e+00	2000	0	5.1711361429875035700e-19	2016-08-01_17-16-10 2
62	16	1.0000000000000010545e-03	1.1037208698872373529e-03	1.2430101502503468487e-02	1.5699367882486530212e-03	9.5543369225244307906e+00	8.1494906634508249319e-01	4.1250000000000000000e+00	0	-1.0817233006311920645e-03	-1.1257184391432826413e-03	7.0895401492986694710e-05	1.4151387014784177110e-04	3.4410713482205951275e-21	9.1426867899261549050e-02	6.7762635780344027125e-21	0.0000000000000000000e+00	2000	0	8.3348042009823153364e-19	2016-08-01_17-16-10 2
63	16	1.0000000000000010545e-03	1.1183042573248092029e-03	1.3332513326976612537e-02	1.5699367882486530212e-03	9.5543369225244307906e+00	8.1494906634508249319e-01	4.1250000000000000000e+00	0	-1.0847937788608321255e-03	-1.1518147357887862804e-03	7.3529507785706595042e-05	1.4745421030587359639e-04	6.6174449004242213990e-23	9.1432808239419580872e-02	0.0000000000000000000e+00	0.0000000000000000000e+00	2000	0	6.5422707263554022439e-19	2016-08-01_17-16-10 2
64	16	1.0000000000000010545e-03	1.1332670742269563681e-03	1.4374602244648944857e-02	1.5699367882486530212e-03	9.5543369225244307906e+00	8.1494906634508249319e-01	4.1250000000000000000e+00	0	-1.0860329825070396164e-03	-1.1805011659468731198e-03	7.6400642992782675724e-05	1.5457559940421559225e-04	-2.0117032497289633053e-21	9.1439929628517922867e-02	-6.7762635780344027125e-21	0.0000000000000000000e+00	2000	0	1.0752024474209274929e-18	2016-08-01_17-16-10 2
65	16	1.0000000000000010545e-03	1.1480293381227450871e-03	1.5577987753221490238e-02	1.5699367882486530212e-03	9.5543369225244307906e+00	8.1494906634508249319e-01	4.1250000000000000000e+00	0	-1.0843885232637390838e-03	-1.2116701529817510903e-03	7.9529577715501222968e-05	1.6312837439098205560e-04	-2.0514079191315086337e-21	9.1448482403504689334e-02	0.0000000000000000000e+00	0.0000000000000000000e+00	2000	0	7.7072057266260821790e-19	2016-08-01_17-16-10 2
66	16	1.0000000000000010545e-03	1.1617036034242370187e-03	1.6967635659157427272e-02	1.5699367882486530212e-03	9.5543369225244307906e+00	8.1494906634508249319e-01	4.1250000000000000000e+00	0	-1.0783911907033962964e-03	-1.2450160161450777411e-03	8.2957431887215534795e-05	1.7342004552484711609e-04	4.3145740750765923521e-21	9.1458774074638554390e-02	0.0000000000000000000e+00	0.0000000000000000000e+00	2000	0	6.1028723849672339430e-19	2016-08-01_17-16-10 2
67	16	1.0000000000000010545e-03	1.1729739083503971044e-03	1.8572376025993678232e-02	1.5699367882486530212e-03	9.5543369225244307906e+00	8.1494906634508249319e-01	4.1250000000000000000e+00	0	-1.0660089498812257326e-03	-1.2799388668195684762e-03	8.6766715454673364411e-05	1.8583322305664473847e-04	3.7719435932418061974e-21	9.1471187252170352014e-02	0.0000000000000000000e+00	0.0000000000000000000e+00	2000	0	6.1505179882502883371e-19	2016-08-01_17-16-10 2
68	16	1.0000000000000010545e-03	1.1801063543241762942e-03	2.0425501291720133407e-02	1.5699367882486530212e-03	9.5543369225244307906e+00	8.1494906634508249319e-01	4.0000000000000000000e+00	0	-1.0429045231125268346e-03	-1.3173081855358257537e-03	9.0917351506795880905e-05	2.0085118475433571449e-04	3.7190040340384124262e-21	9.1486205213868042994e-02	6.7762635780344027125e-21	0.0000000000000000000e+00	2000	0	1.1678466760268665925e-18	2016-08-01_17-16-10 2
69	16	1.0000000000000010545e-03	1.1771400204609267611e-03	1.9465617264375548016e-02	1.5699367882486530212e-03	9.5543369225244307906e+00	8.1494906634508249319e-01	4.1250000000000000000e+00	0	-1.0565883285014132528e-03	-1.2976917124204402698e-03	8.8860061992514977855e-05	1.9298231218404681073e-04	3.3351922298138075851e-21	9.1478336341297754089e-02	6.7762635780344027125e-21	0.0000000000000000000e+00	2000	0	1.0630263488041469255e-18	2016-08-01_17-16-10 2
70	16	1.0000000000000010545e-03	1.1787293638429978804e-03	1.9936926558230927658e-02	1.5699367882486530212e-03	9.5543369225244307906e+00	8.1494906634508249319e-01	4.1250000000000000000e+00	0	-1.0508904262314937630e-03	-1.3065683014545019978e-03	8.9966114289194925671e-05	1.9682314593300549862e-04	-1.2176098616780567374e-21	9.1482177175046712780e-02	0.0000000000000000000e+00	0.0000000000000000000e+00	2000	0	5.7439421735682241743e-19	2016-08-01_17-16-10 2
71	16	1.0000000000000010545e-03	1.1794511987869757405e-03	2.0179016748096955559e-02	1.5699367882486530212e-03	9.5543369225244307906e+00	8.1494906634508249319e-01	4.0000000000000000000e+00	0	-1.0471520561278312226e-03	-1.3117503414461202588e-03	9.0455615159915180763e-05	1.9881390731951542348e-04	-1.4293680984916318222e-21	9.1484167936433222697e-02	-6.7762635780344027125e-21	0.0000000000000000000e+00	2000	0	7.9801091543195770694e-19	2016-08-01_17-16-10 2
72	16	1.0000000000000010545e-03	1.1790853007288555770e-03	2.0057427288413627681e-02	1.5699367882486530212e-03	9.5543369225244307906e+00	8.1494906634508249319e-01	4.0000000000000000000e+00	0	-1.0491999193749920011e-03	-1.3089706820827191531e-03	9.0229548225291734774e-05	1.9781273734881282508e-04	3.0175548745934449579e-21	9.1483166766462520099e-02	0.0000000000000000000e+00	0.0000000000000000000e+00	2000	0	1.0336978330054667763e-18	2016-08-01_17-16-10 2
73	16	1.0000000000000010545e-03	1.1789018074370585364e-03	1.9997041443479811701e-02	1.5699367882486530212e-03	9.5543369225244307906e+00	8.1494906634508249319e-01	4.1250000000000000000e+00	0	-1.0501275847493512702e-03	-1.3076760301247658023e-03	9.0107486906849607717e-05	1.9731645814490587005e-04	5.5321839367546490895e-21	9.1482670487258613146e-02	6.7762635780344027125e-21	0.0000000000000000000e+00	2000	0	1.2392092018330413961e-18	2016-08-01_17-16-10 2
74	16	1.0000000000000010545e-03	1.1789899599581586855e-03	2.0027200419782709558e-02	1.5699367882486530212e-03	9.5543369225244307906e+00	8.1494906634508249319e-01	4.0000000000000000000e+00	0	-1.0497041492612022848e-03	-1.3082757706551150860e-03	9.0173515055904795135e-05	1.9756423707685690202e-04	-2.5146290621612041316e-21	9.1482918266190564176e-02	-6.7762635780344027125e-21	0.0000000000000000000e+00	2000	0	6.0668734847089261786e-19	2016-08-01_17-16-10 2
75	16	1.0000000000000010545e-03	1.1789439654204143330e-03	2.0012112454629070702e-02	1.5699367882486530212e-03	9.5543369225244307906e+00	8.1494906634508249319e-01	4.1250000000000000000e+00	0	-1.0499350585438468670e-03	-1.3079528722969817991e-03	9.0142943065401928369e-05	1.9744025469055835163e-04	-3.7719435932418061974e-21	9.1482794283804265627e-02	-6.7762635780344027125e-21	0.0000000000000000000e+00	2000	0	1.7448878713438586985e-18	2016-08-01_17-16-10 2
76	16	1.0000000000000010545e-03	1.1789658862349663271e-03	2.0019654316763828881e-02	1.5699367882486530212e-03	9.5543369225244307906e+00	8.1494906634508249319e-01	4.0000000000000000000e+00	0	-1.0498297274793966873e-03	-1.3081020449905359671e-03	9.0159536580303683351e-05	1.9750222334193570968e-04	4.0498762790596234962e-21	9.1482856252455642989e-02	6.7762635780344027125e-21	0.0000000000000000000e+00	2000	0	6.8652020374961042481e-19	2016-08-01_17-16-10 2
77	16	1.0000000000000010545e-03	1.1789544449740373737e-03	2.0015882855734926031e-02	1.5699367882486530212e-03	9.5543369225244307906e+00	8.1494906634508249319e-01	4.1250000000000000000e+00	0	-1.0498868129700979611e-03	-1.3080220769779767862e-03	9.0151814212324461672e-05	1.9747123319736451800e-04	-7.0144915944496746829e-22	9.1482825262311071793e-02	0.0000000000000000000e+00	0.0000000000000000000e+00	2000	0	8.5052695816172432797e-19	2016-08-01_17-16-10 2
78	16	1.0000000000000010545e-03	1.1789598529442678559e-03	2.0017768453740375843e-02	1.5699367882486530212e-03	9.5543369225244307906e+00	8.1494906634508249319e-01	4.0000000000000000000e+00	0	-1.0498610921464850336e-03	-1.3080586137420506781e-03	9.0156043818679969446e-05	1.9748672685595862517e-04	-3.0043199847925965151e-21	9.1482840755969665904e-02	0.0000000000000000000e+00	0.0000000000000000000e+00	2000	0	1.4056511759685114127e-18	2016-08-01_17-16-10 2
79	16	1.0000000000000010545e-03	1.1789570611100172561e-03	2.0016825621612728322e-02	1.5699367882486530212e-03	9.5543369225244307906e+00	8.1494906634508249319e-01	4.1250000000000000000e+00	0	-1.0498747444419130078e-03	-1.3080393777781215044e-03	9.0154032443960483391e-05	1.9747897966112014437e-04	4.5660369812927127653e-21	9.1482833008774827423e-02	6.7762635780344027125e-21	1.0000000000000000000e+00	2000	0	1.1234833254144226122e-18	2016-08-01_17-16-11 2
80	16	1.0000000000000010545e-03	1.1789583686149059380e-03	2.0017297029395030467e-02	1.5699367882486530212e-03	9.5543369225244307906e+00	8.1494906634508249319e-01	4.1250000000000000000e+00	0	-1.0498687091072801067e-03	-1.3080480281225317698e-03	9.0155141626541833143e-05	1.9748285316861129175e-04	7.0806660434539168969e-21	9.1482836882282318568e-02	6.7762635780344027125e-21	0.0000000000000000000e+00	2000	0	2.2289672006996913423e-18	2016-08-01_17-16-11 2
81	16	1.0000000000000010545e-03	1.1789590983653265129e-03	2.0017532739497286381e-02	1.5699367882486530212e-03	9.5543369225244307906e+00	8.1494906634508249319e-01	4.0000000000000000000e+00	0	-1.0498650118897377690e-03	-1.3080531848409152565e-03	9.0155607275669980807e-05	1.9748478999054466730e-04	-1.4161332086907833794e-21	9.1482838819104251946e-02	0.0000000000000000000e+00	0.0000000000000000000e+00	2000	0	7.6063558663436170448e-19	2016-08-01_17-16-11 2
82	16	1.0000000000000010545e-03	1.1789587210410618433e-03	2.0017414883928558775e-02	1.5699367882486530212e-03	9.5543369225244307906e+00	8.1494906634508249319e-01	4.0000000000000000000e+00	0	-1.0498669716913616401e-03	-1.3080504703907620463e-03	9.0155389008513588828e-05	1.9748382157411405760e-04	3.1101991031993840575e-21	9.1482837850687821329e-02	0.0000000000000000000e+00	0.0000000000000000000e+00	2000	0	3.9355268311802929504e-19	2016-08-01_17-16-11 2
83	16	1.0000000000000010545e-03	1.1789585323702313189e-03	2.0017355956532395278e-02	1.5699367882486530212e-03	9.5543369225244307906e+00	8.1494906634508249319e-01	4.0000000000000000000e+00	0	-1.0498679515746734049e-03	-1.3080491131657892329e-03	9.0155279876022511716e-05	1.9748333736996777379e-04	-3.4013666788180497991e-21	9.1482837366483675048e-02	-6.7762635780344027125e-21	0.0000000000000000000e+00	2000	0	1.6663255654860223420e-18	2016-08-01_17-16-11 2
84	16	1.0000000000000010545e-03	1.1789584503214955194e-03	2.0017326492931363109e-02	1.5699367882486530212e-03	9.5543369225244307906e+00	8.1494906634508249319e-01	4.1250000000000000000e+00	0	-1.0498683318751666461e-03	-1.3080485687678243929e-03	9.0155210951931173406e-05	1.9748309526893064468e-04	2.4219848335552650320e-21	9.1482837124382637920e-02	0.0000000000000000000e+00	0.0000000000000000000e+00	2000	0	7.8816415742012646550e-19	2016-08-01_17-16-11 2
85	16	1.0000000000000010545e-03	1.1789584911742403292e-03	2.0017341224723791743e-02	1.5699367882486530212e-03	9.5543369225244307906e+00	8.1494906634508249319e-01	4.1250000000000000000e+00	0	-1.0498681432580643383e-03	-1.3080488390904163203e-03	9.0155245614691023156e-05	1.9748321631935949022e-04	7.9409338805090656788e-23	9.1482837245433066769e-02	0.0000000000000000000e+00	0.0000000000000000000e+00	2000	0	5.5360138188366091409e-19	2016-08-01_17-16-11 2
86	16	1.0000000000000010545e-03	1.1789585116004752329e-03	2.0017348590626071647e-02	1.5699367882486530212e-03	9.5543369225244307906e+00	8.1494906634508249319e-01	4.1250000000000000000e+00	0	-1.0498680489492518297e-03	-1.3080489742516986357e-03	9.0155262946087275190e-05	1.9748327684464120892e-04	-1.0058516248644816526e-21	9.1482837305958348489e-02	0.0000000000000000000e+00	0.0000000000000000000e+00	2000	0	5.9492140804747100116e-19	2016-08-01_17-16-11 2
